[gd_scene load_steps=3 format=2]

[ext_resource path="res://scenes/ChaosObject/Trashcan/trashcan_05_Cylinder012.mesh" type="ArrayMesh" id=1]

[sub_resource type="Environment" id=1]
background_mode = 1
background_color = Color( 0.678431, 0.960784, 1, 1 )
fog_color = Color( 0, 0, 0, 1 )
fog_depth_begin = 5.0
fog_depth_end = 30.0
glow_enabled = true
glow_intensity = 0.5
glow_strength = 1.1
glow_bloom = 0.5
glow_hdr_threshold = 1.5

[node name="Spatial" type="Spatial"]

[node name="MeshInstance" type="MeshInstance" parent="."]
transform = Transform( 1, 0, 0, 0, 1, 0, 0, 0, 1, 0.068, 0.08, 0.021 )
mesh = ExtResource( 1 )
skeleton = NodePath("")
material/0 = null
material/1 = null

[node name="Camera" type="Camera" parent="."]
transform = Transform( 0.755877, -0.303811, 0.579956, 0, 0.885816, 0.464037, -0.654713, -0.350755, 0.669568, 0.600687, 0.533651, 0.612273 )
environment = SubResource( 1 )
__meta__ = {
"_editor_description_": ""
}

[node name="DirectionalLight" type="DirectionalLight" parent="."]
transform = Transform( 1, 0, 0, 0, 0.627284, 0.778791, 0, -0.778791, 0.627284, 0, 1.44904, 1.10377 )
light_color = Color( 1, 0.772549, 0.772549, 1 )
light_energy = 0.5

[node name="DirectionalLight2" type="DirectionalLight" parent="."]
transform = Transform( -0.107496, -0.774278, 0.623649, 0, 0.627284, 0.778791, -0.994206, 0.0837171, -0.0674306, 1.47652, 1.44904, -0.453949 )
light_color = Color( 0.647059, 1, 0.603922, 1 )
light_energy = 0.5

[node name="OmniLight" type="OmniLight" parent="."]
transform = Transform( 1, 0, 0, 0, 1, 0, 0, 0, 1, 0, 1.16297, 0 )
light_color = Color( 0, 0, 0, 1 )
